xRot =

 Columns 1 through 8:

   8.3013e-01   1.0104e+00   6.5775e-01   7.7126e-01   5.4564e-01   3.7230e-01   1.7461e-01   4.9550e-01
   1.5270e-01  -9.2045e-02   6.0193e-02  -6.6180e-02   1.5710e-02   1.3172e-01   3.0445e-01  -2.9377e-02

 Columns 9 through 16:

   2.5783e-01   3.4941e-01   2.2362e-01  -1.5777e-01   1.4938e-01   2.5218e-01   7.3653e-04  -1.0376e-03
   9.5674e-02  -4.5708e-02   2.4295e-02   3.9468e-01   3.0408e-02  -7.7418e-02   1.3985e-01   1.2785e-01

 Columns 17 through 24:

   3.2629e-01   1.5709e-01   1.2619e-01   7.8035e-02   2.6719e-02   1.1507e-01  -3.4205e-02  -1.2570e-01
  -2.1065e-01  -9.4134e-02  -6.8113e-02  -4.3583e-02   5.6750e-03  -8.6444e-02   4.9324e-02   4.5270e-02

 Columns 25 through 32:

   4.1095e-02  -1.3948e-01   5.8260e-02  -2.1279e-01  -8.1821e-02  -2.3055e-01  -3.9894e-02  -3.0106e-01
  -1.3740e-01   2.9327e-02  -1.7819e-01   9.0038e-02  -5.4538e-02   7.2140e-02  -1.6906e-01   7.4066e-02

 Columns 33 through 40:

  -1.7257e-01  -2.0253e-01  -1.7962e-01  -3.5151e-01  -6.3118e-01  -5.0641e-01  -3.8925e-01  -3.0696e-01
  -7.3734e-02  -4.5850e-02  -7.3792e-02   5.1807e-02   1.9469e-01   6.9620e-02  -5.0163e-02  -1.5998e-01

 Columns 41 through 45:

  -4.5529e-01  -3.7422e-01  -5.3302e-01  -7.8990e-01  -8.0276e-01
  -4.8868e-02  -2.0531e-01  -8.3310e-02   4.6430e-02  -1.1207e-01

